"n_selection"	"var"	"var_se"	"dist"	"dist_se"	"z"	"z_se"	"w"	"w_se"	"evv"	"mean_cor"
"1"	5	0.902140342929368	0.292692976978791	1.36069775561542	0.0151702334465553	2.00190222165293	0.00091305327910899	0.998618595099589	2.52274685500301e-05	0.0651220480580801	0.0121357677904018
"2"	10	1.04562014532409	0.339243971874857	1.67797702048486	0.0184021490949269	1.99893604261567	0.000804678018461853	0.99751839014637	2.91564635736015e-05	0.326574610349633	0.0299956337021438
"3"	15	1.21374725404952	0.393791608890946	2.32600520573229	0.0143505107760231	1.99954442562934	0.000891502423990534	0.995936318867217	5.71748164728849e-05	0.300225776860036	0.000898321975402301
"4"	20	1.13627863679796	0.36865747052378	2.49830367640754	0.0138272684230888	1.995057546204	0.00129762537490005	0.991832385699858	7.79571195395937e-05	0.400984440062922	0.00117363038169978
"5"	25	1.25282957337079	0.406471587653712	3.5084000673104	0.0115335325742823	1.98104612238279	0.00300414347165112	0.975873595308506	0.00016715259844288	0.48872631070948	-0.00504517453734249
"6"	30	1.00950385533419	0.327526300098591	3.16295331852026	0.0136183712253897	1.96866205883096	0.00511431628088736	0.951521481706717	0.000252558702622382	0.644951830885759	0.00421438377510513
"7"	35	1.01137251042656	0.328132571867968	4.40980861371035	0.0182919687404606	1.9317678495694	0.00807891055648246	0.910788525017202	0.000365710720116124	0.736600526556698	0.00213606525634928
"8"	40	0.699690786131499	0.227009667356704	3.37047166543809	0.0209895735404171	1.93658135584835	0.00904159441628581	0.889298158485106	0.000437100206698192	0.779696279911848	0.00856366363126438
"9"	45	0.657626846614359	0.213362323263047	4.80025904191303	0.0171824081027457	1.84248775600781	0.0134166336761491	0.814783184969855	0.000230336357730455	0.944465990373281	-0.00579286815543755
"10"	50	0.52769299668358	0.171206215685522	3.8197740463635	0.0193875102080277	1.61740589480399	0.0224747517738095	0.668062873517981	0.000176312108984411	1.07250599581618	0.00185488697297798
"11"	5	0.831704592589665	0.269840601941755	1.35794544064321	0.0187071876493427	1.9994478962608	0.00094952123559048	0.998614171564138	2.87713716258505e-05	0.0249705423388929	-0.00632261686222715
"12"	10	1.20459215205696	0.390821301579286	1.94803622402076	0.0162679182913663	1.99952123303506	0.000784768185924232	0.99763281847257	3.69398381173723e-05	0.184328006174172	0.00547084743904514
"13"	15	1.22428980335668	0.397212063552845	2.36320525451453	0.0176761408671972	2.00138290270577	0.000919520358855146	0.995792146892502	5.86435880424535e-05	0.294366288811131	0.00180151383234406
"14"	20	1.25126997883147	0.405965588368601	2.71727677320381	0.0164641599520681	1.99940585930112	0.00103929239143758	0.993652909414379	8.17573951321979e-05	0.413790098958861	0.00995302099892261
"15"	25	1.30121721729914	0.422170612380166	3.73465611321892	0.0186853919976086	1.98489489142945	0.00205930360669678	0.98363444576927	0.000227751781530707	0.514272115416013	-0.00434816057233108
"16"	30	1.26670172370702	0.410972307537079	3.78140988158869	0.0177336625129295	1.9787117933355	0.00362519161477489	0.965530578939054	0.000208786271565698	0.534547074628623	0.000599303235234239
"17"	35	1.01062096445694	0.327888738157494	4.07464227922631	0.0327759759075632	1.86717368926103	0.015754413613914	0.833019853758546	0.000330217769016768	0.7043530373424	-0.00152180101182568
"18"	40	1.02871349369129	0.333758729765985	4.39802243213782	0.0284991282481475	1.85688610179567	0.0122916760351266	0.845698110383637	0.000493978610733058	0.792179698594991	-0.00344310693785376
"19"	45	0.618928618774689	0.20080696023226	4.55596802788058	0.0304583292067322	1.77502884684994	0.0171357342315911	0.766542740327738	0.000345866494878786	0.897448192537182	-0.00114971280001555
"20"	50	0.67587701520348	0.219283459831853	4.55162101685828	0.0588525135159506	1.41678399710791	0.0242107935719037	0.618264416096512	0.000389377928056093	1.0233102409544	-0.004835286550124
"21"	5	0.807885917149217	0.262112803182951	1.27497550087852	0.0167657395428475	2.00077886367862	0.000820349364205999	0.998825231950795	2.80039020804951e-05	0.105490758408882	0.0521628386786391
"22"	10	1.00754904033786	0.326892074365088	1.63941365288542	0.0127927598255365	1.99914534184924	0.000900060625679691	0.997357195243214	5.34241519660554e-05	0.148689697997293	0.031629043975009
"23"	15	1.5131566670847	0.490932849855936	2.54583407389988	0.014771850034744	1.99871633587106	0.000953551436576335	0.995676163659419	6.70963963830315e-05	0.284197492112733	-0.00852527960784116
"24"	20	1.15395983994999	0.374394010329029	2.52755694137935	0.0205382706322837	1.99613155161818	0.00115789360505094	0.992735381141371	6.86471991064723e-05	0.402687409858553	0.00969321242653968
"25"	25	1.00925551433378	0.327445727638568	2.73772665381577	0.0133802229480164	1.99563788517912	0.00176847644734658	0.986574057982937	0.000192936578460957	0.566450078882278	0.00769809612313607
"26"	30	1.18502928742044	0.384474270173837	3.30073975015184	0.0189565864070824	1.97851834452732	0.00519559499714756	0.951706729736342	0.000318342765642585	0.56532774993861	0.00186503394780461
"27"	35	1.11294005557914	0.361085434898795	4.6879512524372	0.0314330311496515	1.89884074025762	0.00908563110084308	0.897230127611257	0.000496926261542356	0.705243409557875	-0.00907416956285591
"28"	40	0.784951294524862	0.25467182903251	4.56720642896913	0.027526419702253	1.81322843344484	0.0148217571320723	0.814919064277144	0.000530669292922959	0.83188446851565	-0.00517792778437918
"29"	45	0.610656740749863	0.198123208615045	4.53514815452077	0.033542811531285	1.596580753057	0.0224572675307827	0.689206682215596	0.000282350768219358	0.854634724358373	-0.0057906130503514
"30"	50	0.474724515271926	0.154020971026049	3.72258230991542	0.0173522002805526	1.7682512742534	0.0191318877527754	0.723426068347244	0.000158545956252581	1.02207966940321	0.00472577182020697
"31"	5	0.70665266374256	0.229268398716314	1.22525282437275	0.0146724467770121	1.999944380017	0.000991889309494183	0.998524438891377	2.58237697560577e-05	0.177450609801409	0.0921057468100369
"32"	10	1.06692928279442	0.346157569001872	1.69750287144753	0.0203043932681023	2.00117703368689	0.000817204274970852	0.99751788590895	3.74666784707829e-05	0.133172575626504	0.01628612268565
"33"	15	1.36449145071768	0.442699484512395	2.41609174855603	0.0188601506999185	2.00092655289722	0.00090474237700785	0.995808206442871	4.48829972924843e-05	0.299162122507316	-0.00280824151756088
"34"	20	1.44903547600015	0.47012918837127	2.64423094250639	0.0209903593022105	2.00008681014981	0.00118531148047135	0.992664315816564	6.90085690014181e-05	0.375833109514053	-0.000559193714744323
"35"	25	1.24955172015416	0.405408111639593	3.26372142825717	0.018252727352326	1.97201426818471	0.00432106897725182	0.965436505078382	0.000244710526120589	0.527391808313458	0.0117975802514251
"36"	30	1.11905937357971	0.363070803823602	3.42498343664433	0.0149807261552982	1.98470083930569	0.00266818013808894	0.974721197952054	0.000216081791799832	0.600354878233829	-0.00186060384290164
"37"	35	1.22994732649247	0.39904760643918	4.62157971836588	0.0337149576456106	1.83531117800085	0.0125345102543014	0.857046279476765	0.000529670424870176	0.745281940962402	-0.005750910819467
"38"	40	1.07899378828431	0.350071811453493	4.80803707531944	0.0380792539456912	1.59429688960452	0.0210325938799482	0.725009397422045	0.000460274270207659	0.885227394362841	-0.00658912372726396
"39"	45	0.929237163617424	0.301484346499075	4.31582423552159	0.0332155814805258	1.67752097568342	0.0206131390559455	0.718570973739797	0.000353674159978297	0.934570314231802	-0.00117448621865237
"40"	50	0.448459354215457	0.145499427520431	4.29874845914795	0.0139613554540231	1.79147027313714	0.0154521377737613	0.766873232567717	0.000242990441293738	1.00186466016693	0.0026341238990741
"41"	5	0.903656300357247	0.29318481851544	1.54195367738044	0.0245208349973373	2.00059132827352	0.000861994472019833	0.998703111600404	2.07113275973624e-05	0.217297572977882	-0.0468201280937829
"42"	10	1.00950652333929	0.32752716571375	1.95182423366013	0.0210950006547544	2.00025673605436	0.000864847345875861	0.997391589691688	4.03564653831294e-05	0.215055578545784	-0.0178774802835712
"43"	15	1.39792967047895	0.453548275571909	2.81797088342815	0.023245825024466	1.99788362734338	0.00110129327998071	0.994900309939603	6.01067940689284e-05	0.289359528034508	0.00303355367083976
"44"	20	1.10610298541161	0.3588671964209	2.43922626396256	0.0116537255755672	1.99769225831139	0.00106048939160664	0.99337893872449	5.73606126599907e-05	0.36964508488251	-0.00250113880172732
"45"	25	1.4173726377846	0.459856407146551	3.2578525425522	0.019225489480737	1.98190443509444	0.0041283761700625	0.967571014180876	0.000202640255870903	0.566654483267306	0.00755748664719731
"46"	30	1.11489656214814	0.361720209450945	3.48731524458666	0.0150378513096296	1.98555682529318	0.00344335954461604	0.967970786537919	0.000297369937112994	0.604176954110693	-0.00135185811132919
"47"	35	1.28387607391501	0.416544402532553	4.45444520687362	0.0354759117723174	1.82516068900867	0.0141059139140521	0.842181548159766	0.000547657128303817	0.691088581565384	0.00013517472202376
"48"	40	0.983901249251287	0.319219717811753	4.32454701377127	0.018590826904395	1.79588273719886	0.0182708288043433	0.780194148889351	0.000296583040995548	0.78135085819624	-0.00668180991835527
"49"	45	0.644622445553495	0.209143138420951	3.86587906758445	0.0251720544222467	1.74401605380239	0.0193249758794039	0.740519339830203	0.00021547116505861	0.957124292418726	0.000967751672999659
"50"	50	0.363655905599985	0.117985555618048	4.2148103787348	0.0181710975848263	1.90296055657402	0.0102890258510254	0.8441587321994	0.000383605654192158	0.930806488143562	0.0024010229411905
"51"	5	0.893739383194752	0.289967345724768	1.40883074024414	0.0184477657813589	2.00019710138615	0.000844622453357838	0.998812883798923	3.05265640409918e-05	0.0848494734287734	-0.00904866058814656
"52"	10	1.15851516584147	0.375871953208688	1.90721062897921	0.0173279222335351	1.9994738528328	0.000786269485478138	0.997606283558155	3.31762416308166e-05	0.182235903374326	-0.00088669640066661
"53"	15	1.27639870058689	0.414118422277327	2.39154577471336	0.0174841472359467	1.99738669583938	0.000898835196566185	0.995761170753442	3.89947021821692e-05	0.2958715162422	-0.00158935865504973
"54"	20	1.21344033740797	0.393692031983427	2.54254314336731	0.0133534979197108	1.99319331269432	0.00201933493975877	0.987294019587321	9.8296545204317e-05	0.363693716241189	0.00657635010403633
"55"	25	1.21762655967249	0.395050221833264	3.63706582329028	0.0161720076718864	1.99328972387068	0.00167333304013909	0.986981428633299	0.00014718549698185	0.503107256683588	-0.00713889348081439
"56"	30	1.24410045843645	0.403639488793988	4.55501203626694	0.0170874299744469	1.96790433385027	0.00457283731553431	0.95650123403671	0.00035752702628899	0.627134264091688	-0.0068229784812586
"57"	35	0.909640413837017	0.295126321301232	3.66034469534573	0.0201308269267149	1.96329001914878	0.00513650527146291	0.943220384824114	0.000319568318599208	0.639801630353298	0.0147457970830349
"58"	40	1.04254302246751	0.338245621389278	5.51429781905531	0.031460845789134	1.80545421747313	0.0114787136718495	0.84479537665417	0.000533934060217445	0.837282001313043	-0.00856845269124072
"59"	45	0.590092033396186	0.191451136510941	4.5096313975733	0.0150984492684071	1.88884573849662	0.0113743193612028	0.843772274188152	0.00038485368281892	0.80824216123522	-0.000483333198573916
"60"	50	0.50103298874145	0.162556566934063	3.82327048417002	0.0195584969373009	1.84380750850982	0.0138828003867515	0.792392926011205	0.00033810099606153	1.02675600416341	0.00482915643867412
"61"	5	0.81939751331825	0.265847658162999	1.31214964284643	0.0166774375234668	2.00119737840901	0.000867048439616252	0.998706714583306	2.41034319473995e-05	0.118280365789128	0.0339667152728934
"62"	10	1.00735503035712	0.32682912921551	1.80533736898616	0.0142252306469744	2.00060229473434	0.000764516365549934	0.997715537281351	3.97001533941612e-05	0.21958671249642	0.013148137734471
"63"	15	0.951071294916783	0.30856827411615	2.15923890444583	0.0138937024197191	2.00114372962426	0.000831107465092206	0.996192820349819	5.19370856646442e-05	0.317925579060975	-0.00291379195937994
"64"	20	1.25720916509542	0.407892514840798	3.04337161401738	0.0251585813007295	1.99096978668114	0.00175572538618988	0.988834543383497	0.000113576262346343	0.388271515367958	-0.00535602897434048
"65"	25	1.34498388201669	0.436370393477435	3.13760343258342	0.0130324949050253	1.98488227570875	0.003230399056022	0.974420871973248	0.000140005729383272	0.441647626425642	0.0064803902808143
"66"	30	0.96895569585973	0.314370739990225	2.99635009543607	0.015238756025131	1.987011326382	0.00310523724497993	0.971022962683201	0.000254633330875796	0.588624748787635	0.0117373394422068
"67"	35	1.01762093609175	0.330159828850441	4.87647469856907	0.029102372321224	1.88695793257568	0.00926562519467973	0.893902133207674	0.00054522807254577	0.669030874570876	-0.0052083402240962
"68"	40	0.886638297137686	0.28766344918127	4.23338924123766	0.0240797819906855	1.89540742209518	0.0108678858642998	0.865410262694987	0.000534065329851536	0.805971721973232	0.00738073966960168
"69"	45	0.720713520157049	0.233830342936062	4.54622261744788	0.0362364729584761	1.78677455212914	0.0152812232595133	0.787157923299214	0.000496228351802245	0.921417118720253	0.00117896627358759
"70"	50	0.63349583641693	0.205533189727951	4.59397816919241	0.0278345509775535	1.69012610628524	0.0178661693530906	0.724786759531515	0.00035426420355326	1.08933915840479	0.000345228597932502
"71"	5	0.813295161689613	0.263867793856125	1.33103900640531	0.0208723425737393	2.00027988712066	0.000842363016651756	0.998754540743217	2.31813460320711e-05	0.0926679691345589	0.0132458961542621
"72"	10	1.2222729884686	0.396557722398242	2.10403105055074	0.0177097994486014	2.0000209524158	0.000949292920070934	0.997084968644608	3.4038531379338e-05	0.215590739176344	-0.0217881396145133
"73"	15	1.28641828178632	0.417369203679941	2.36438834437623	0.0252333299513576	2.0015230550389	0.000905197882609063	0.995854755244916	5.79928302493303e-05	0.309239684391135	-0.0111867240876808
"74"	20	1.36964515732161	0.444371567731157	3.11078084300427	0.0186116554689764	1.99732530056966	0.000999737373299086	0.993744546088128	5.60714211765349e-05	0.338863149565134	-0.0108036768564579
"75"	25	1.22296288464641	0.396781554275034	3.6018827162099	0.017815349288156	1.98251487420957	0.00229872391753697	0.981189128882745	0.000133688852529681	0.529790302284809	-0.00454697983787701
"76"	30	0.967366463063274	0.313855124784727	3.14380876003233	0.0142711902691258	1.99556828028673	0.00232651143917594	0.978396471562565	0.000173826776695174	0.637575946742062	0.00783921322999299
"77"	35	1.19201437280282	0.386740531128735	5.06844476322289	0.027529140527011	1.89845710493164	0.00801711613507798	0.907077518587027	0.000553879160242001	0.718568945305613	-0.00943948072588182
"78"	40	0.940718335459114	0.305209330523886	4.39612544357925	0.0298461235769243	1.70549510307158	0.0187123519149086	0.763021786376425	0.00042204670161825	0.794365697220792	-0.00494973164054683
"79"	45	0.752267397878883	0.244067772708506	4.64258573314445	0.0416228134374191	1.59532197162949	0.0216793390052012	0.695601875173734	0.00038848764779815	0.90830376529849	-0.00659064149218385
"80"	50	0.353568829475108	0.114712875969985	3.94783610679783	0.0155177981346177	1.88452685794739	0.0126039775810027	0.812805494313334	0.000270688613778693	0.984603639737352	0.003895082616837
"81"	5	0.745317202074333	0.241812831427404	1.25883257804725	0.0136903380434215	2.00002075134748	0.000814028373104538	0.998854086007562	2.92057817192202e-05	0.0609003611081767	0.0500741660887417
"82"	10	1.0830028563666	0.35137252489693	1.8417412892806	0.0177542691845425	1.99944599361034	0.000740748109524212	0.997735448537776	2.95941591744172e-05	0.130503176642987	-0.0024599740421695
"83"	15	1.37544455211568	0.44625313986154	2.38693902049548	0.0158736988686817	1.99850973544663	0.0009510325956096	0.99565950815431	6.2938213680794e-05	0.334058862916448	0.0044632946765393
"84"	20	1.24072724920925	0.402545075204774	2.93905725854501	0.0162135578411272	1.994754298212	0.00150206310779165	0.990661715218255	0.000110232104313489	0.4071694366527	-0.00120976062219565
"85"	25	1.38427203559155	0.449117153690469	3.25981803871447	0.0181507644335353	1.98980582664544	0.00203186475998925	0.984062291166427	0.000176177849341536	0.465556653142907	0.00963490250972017
"86"	30	1.1162454105733	0.362157833667784	3.83090271623006	0.0126608916102404	1.97503356336357	0.00299654533709436	0.97066493060997	0.000182569982965707	0.64565411318413	-0.000748182321808847
"87"	35	0.890136512784515	0.28879842020857	4.15071810579203	0.0197193590425982	1.95666996427493	0.00612428447315289	0.932731024024166	0.000378354743902301	0.661984018160493	0.00123023499208724
"88"	40	0.698708385365946	0.226690934460088	4.33048446379886	0.0118796065025683	1.93549124448531	0.00662469583131462	0.915527881287549	0.000337217254842316	0.744028685528475	-0.00529093838330373
"89"	45	0.533267480617404	0.173014817097153	4.46248759215122	0.01755724282752	1.94561430195521	0.00557706814433987	0.920376413269707	0.000386715925023343	0.944084004411829	0.00285608068145511
"90"	50	0.429517688441351	0.139353939639512	4.02781830308057	0.0207756264371191	1.71978654420126	0.0202025453736373	0.705676252893212	0.000203506377605758	1.00776796485299	-0.000122347505745836
"91"	5	0.831466153633694	0.269763242129174	1.31379085882151	0.0191814648920032	1.99914362831987	0.000953734076743168	0.998641313605295	3.32164546985427e-05	0.0754749293270282	0.0342844939216854
"92"	10	1.28507497083781	0.416933376057765	1.94669371970886	0.0219157272114105	2.00004078380519	0.000796223509218542	0.997607577331689	3.86045140668391e-05	0.249331989042363	-0.00496638771759551
"93"	15	0.978466246648954	0.317456370119753	1.93414384946199	0.0180317599180331	2.00033856071783	0.000996500434499027	0.99544338753448	6.06844091740063e-05	0.329630352865088	0.0343689286873728
"94"	20	1.0808567260797	0.350676228286783	2.36523981326037	0.0151069651339644	1.99832653884061	0.000965573169528215	0.994040931970955	6.73810982002622e-05	0.339544729667364	0.0171004882553152
"95"	25	1.18431761735782	0.384243373915968	3.38917715391328	0.0183571017546448	1.98454091077511	0.00296829147182692	0.976445097145907	0.000166200722684484	0.512997374622742	-0.0121188267055302
"96"	30	1.01743154646972	0.330098382743176	3.4167592911921	0.0158938234725753	1.99084509024685	0.00220442313304463	0.979433223546527	0.000206989296025647	0.592750792927287	-0.00501341255091975
"97"	35	1.29278610644012	0.419435198809643	4.37287252847288	0.0213559742780587	1.92435212496815	0.00677365517104696	0.922763388724594	0.000562705435471672	0.739771953176909	-0.00321935815075882
"98"	40	0.951830645913552	0.308814640111816	4.41647877782974	0.0356151476358834	1.77683108347985	0.0164982440921032	0.793810075916713	0.000431036438805579	0.810363491212416	-0.0008371566372863
"99"	45	0.732457902550771	0.237640723740487	4.34950680957247	0.0284765320994948	1.79254446862597	0.0161600392913749	0.778908317172165	0.000310905299383507	0.908221389340886	0.00204758128887796
"100"	50	0.535377969222074	0.173699550018613	4.39925537083842	0.0290849231379512	1.70450541015084	0.0178597592917289	0.727260198196429	0.000268540171061352	0.968160622595722	-0.00189971574502774
