"n_selection"	"var"	"var_se"	"dist"	"dist_se"	"dist_ls"	"dist_ls_se"	"z"	"z_se"	"w"	"w_se"	"evv"	"mean_cor"
"1"	5	53.2604867844842	17.2799837125904	7.29011376660215	0.197709740724631	3.1574497303831	0.162893243924322	2.0172099033996	0.0134112063005671	0.999547573720456	1.26611531275875e-05	0.0651220480580801	0.0121357677904018
"2"	10	47.1458143090646	15.296121995167	6.98283511040705	0.157297845121495	3.96741805673545	0.150535439254142	2.00425349209356	0.0104917155975369	0.99890452381245	2.11393756591481e-05	0.326574610349633	0.0299956337021438
"3"	15	41.65795280669	13.515624611399	6.73439266803645	0.136522000004281	4.78254707511529	0.194906987918777	1.99876226391083	0.00912611928390043	0.998134182284955	3.57727989242582e-05	0.300225776860036	0.000898321975402301
"4"	20	34.0563493599313	11.0493387833876	6.1672312646843	0.173335117838914	5.52308756263121	0.1960315769561	1.9982428228323	0.00764474539216446	0.997670818593784	3.63080115140318e-05	0.400984440062922	0.00117363038169978
"5"	25	30.4675491780971	9.88497825208461	6.3727460571874	0.146599177879792	6.10087978039594	0.187370790783495	1.96309094421254	0.00893486915169219	0.994864631469858	7.90163785892646e-05	0.48872631070948	-0.00504517453734249
"6"	30	23.3420746792118	7.57316905320425	5.62322435456335	0.133766221576323	6.23850363800823	0.194781278738295	1.95011946821194	0.00994001452959128	0.990800487114022	0.00021123599709281	0.644951830885759	0.00421438377510513
"7"	35	20.4851748501369	6.64626835260273	5.92963998462527	0.142805997502301	7.03552046950053	0.195874513559687	1.89431149752549	0.0129518406689796	0.977792767536242	0.000294631317351449	0.736600526556698	0.00213606525634928
"8"	40	13.5454082811166	4.39471076231826	4.72302835546214	0.163055054950713	6.76912880181297	0.14954160863499	1.91616125263519	0.0136463634011828	0.969352342971974	0.000428824441169506	0.779696279911848	0.00856366363126438
"9"	45	13.6101554059051	4.41571750351293	5.8446038167156	0.129770239207208	7.92542809018272	0.131854747780837	1.82845939645103	0.0159781029017278	0.943473757721194	0.000592030691571057	0.944465990373281	-0.00579286815543755
"10"	50	8.11761763122293	2.63370293666624	4.78734815708517	0.0920219514166867	7.43104556011236	0.160959551147178	1.63037943965659	0.0233164303591253	0.843860981531897	0.000782650744357605	1.07250599581618	0.00185488697297798
"11"	5	52.9543410345012	17.1806569153197	7.27837735620386	0.182605242468907	2.97410926133032	0.138495575910058	2.02938584910072	0.0145352183312216	0.999455734658142	1.97633365397821e-05	0.0249705423388929	-0.00632261686222715
"12"	10	47.0141722091105	15.2534116580966	6.99085735192975	0.192458586846277	4.19286781625356	0.193755789946962	1.99073801484666	0.0121048555625675	0.998539038660434	3.30813432604425e-05	0.184328006174172	0.00547084743904514
"13"	15	41.7939047387389	13.5597332426439	6.71057278384996	0.162548013059809	4.66316209710774	0.131447584459929	2.00419779816494	0.00904143788471308	0.998167316556366	2.77314079721577e-05	0.294366288811131	0.00180151383234406
"14"	20	33.8081822060477	10.9688227266256	6.27845144687154	0.135856913375246	5.46752045344414	0.253360122775169	2.00037654358655	0.00768511213521314	0.99764646059789	3.4907429113923e-05	0.413790098958861	0.00995302099892261
"15"	25	30.3430138906482	9.84457366946285	6.49013431575521	0.135118507519569	6.22751098081029	0.160826552690798	1.96999340425247	0.00817692108611273	0.995726708843102	5.69393210471924e-05	0.514272115416013	-0.00434816057233108
"16"	30	25.6894130932942	8.33474620001881	6.11683539367877	0.134047003632447	6.50124846588724	0.195980736280382	1.9561214438052	0.00877219550396484	0.992826178112109	0.000128850754436727	0.534547074628623	0.000599303235234239
"17"	35	21.9330781753746	7.11603022276275	5.99590548622015	0.127434585376179	6.9156024644179	0.213474280137462	1.84968867423414	0.0174561776480295	0.959702737373197	0.000683742435047762	0.7043530373424	-0.00152180101182568
"18"	40	14.4385437398538	4.68448216907553	5.53849340332982	0.123273509482981	7.31844634542612	0.147716874182602	1.82793386733781	0.0158871944580066	0.954870238042222	0.000602181348293207	0.792179698594991	-0.00344310693785376
"19"	45	10.7245666070883	3.47950887202678	5.38878609136222	0.0909602735530199	7.54613628548807	0.197826568401654	1.76185537618917	0.0200204926767876	0.910618990345499	0.000943260968623825	0.897448192537182	-0.00114971280001555
"20"	50	8.36166815171681	2.71288338119067	5.50305455526329	0.147866269340787	7.89657193917383	0.206508895032464	1.45089221292449	0.0247287888982259	0.796397390474257	0.00122487009298095	1.0233102409544	-0.004835286550124
"21"	5	52.9008925749241	17.16331594518	7.26665344712588	0.18218321302227	3.30913191053472	0.140509380005516	1.98501157902397	0.0168375106725644	0.999293067344424	2.29824474062021e-05	0.105490758408882	0.0521628386786391
"22"	10	47.8825280421	15.5351434926461	6.97872516640135	0.171197357820966	3.95805395242072	0.156957489001903	1.99956156756585	0.0114614626419077	0.998693981512965	3.40166358626484e-05	0.148689697997293	0.031629043975009
"23"	15	40.1942491344601	13.0407364317521	6.69497211868678	0.129023535932158	4.99370493914743	0.157271810523998	1.9925983929235	0.00844939850522818	0.998396431879147	3.44724546054862e-05	0.284197492112733	-0.00852527960784116
"24"	20	38.0176500970742	12.3345544535989	6.51374956141362	0.172479702876474	5.18023826587923	0.152505414029888	1.99660059156119	0.00764186182120622	0.997671655188427	3.05624402349694e-05	0.402687409858553	0.00969321242653968
"25"	25	29.9833494378432	9.72788311213434	6.00532328455038	0.117844461627222	5.66205468273061	0.165260621387045	2.00575513634804	0.00768500785246555	0.996319431087549	5.63563500592772e-05	0.566450078882278	0.00769809612313607
"26"	30	25.3372408386043	8.22048643274156	5.80617691796844	0.117032254690921	6.17376871412273	0.22442126070316	1.96617853587564	0.00996337434545495	0.990960035067488	0.000224629050820505	0.56532774993861	0.00186503394780461
"27"	35	16.9739700541099	5.50708308881744	5.90480493513846	0.0999625490781994	7.0627595951654	0.181933837636208	1.87015993923255	0.0136342902762181	0.974683629101865	0.000486241456809813	0.705243409557875	-0.00907416956285591
"28"	40	13.340290040192	4.32816161723299	5.68815122809055	0.127160517220909	7.37582943725643	0.222805014092608	1.80112615374547	0.0169516889418484	0.947730902023401	0.000831048723567479	0.83188446851565	-0.00517792778437918
"29"	45	10.6379765813074	3.45141535795092	5.51722789317952	0.142847709569436	7.74097057249978	0.179580876609262	1.60995368415647	0.0234376241606932	0.864992515881186	0.00110616654920307	0.854634724358373	-0.0057906130503514
"30"	50	7.37477491635507	2.39269293490124	4.46764025204344	0.119661605762559	7.36805049644906	0.144490666495823	1.7662561952316	0.0208141423862235	0.885379149319837	0.000698985556555152	1.02207966940321	0.00472577182020697
"31"	5	49.9133053957856	16.1940146692762	7.06701416370946	0.181312348273761	3.32519242439778	0.134274925257812	1.99616431954992	0.0181542217723131	0.999184405012649	2.71252424707333e-05	0.177450609801409	0.0921057468100369
"32"	10	47.8518640417998	15.5251947772336	6.94283281731425	0.208953101023888	3.89155716237146	0.156272227733054	1.99977358829506	0.0104591428197442	0.998912227550555	2.34874643254105e-05	0.133172575626504	0.01628612268565
"33"	15	40.1341687352468	13.0212437762671	6.58743228715305	0.190924433329244	4.89791055227634	0.2016353225602	1.99953157060553	0.0089602994157827	0.998201308341163	2.71368857620002e-05	0.299162122507316	-0.00280824151756088
"34"	20	36.3021023281347	11.7779572594088	6.38221983276516	0.201349527795912	4.98502658211223	0.152031215459408	1.99463584936392	0.00799400059200524	0.997450742879955	2.67645281531688e-05	0.375833109514053	-0.000559193714744323
"35"	25	29.4554427558523	9.55660756778036	6.09179573331823	0.176219333315763	5.99691655675308	0.128286579954256	1.95871400045581	0.0094780111237122	0.994204313818355	0.00014117408453809	0.527391808313458	0.0117975802514251
"36"	30	25.2782415961795	8.201344550838	5.93020226545751	0.145652011102668	6.44207495981262	0.165442497496275	1.9805570139021	0.00866755039217273	0.993218554588085	0.000108538984217673	0.600354878233829	-0.00186060384290164
"37"	35	19.2779243556084	6.25458457083626	6.00314932678687	0.124367285365626	7.38909326730622	0.202783779259699	1.79089715487001	0.0169271735613931	0.958252755517087	0.000527301015715958	0.745281940962402	-0.005750910819467
"38"	40	14.5846554110228	4.73188705495715	6.04958954737239	0.146980295407864	7.78119444001109	0.152432593120165	1.59391794546068	0.0223673009954936	0.89338907588686	0.000901968396181732	0.885227394362841	-0.00658912372726396
"39"	45	12.4476954463715	4.0385656902266	5.588111968209	0.111872330587135	7.31739215424452	0.209433813533613	1.69490219823255	0.0216137726668618	0.891234221709043	0.00109871138603268	0.934570314231802	-0.00117448621865237
"40"	50	8.73910082840149	2.83533871157663	5.20179723946268	0.0915911512032587	7.6099368806766	0.122082775570327	1.79112184429349	0.017305429717225	0.917965678127105	0.000688802094078006	1.00186466016693	0.0026341238990741
"41"	5	50.0696944865792	16.244753990392	7.12798486079464	0.185124404637859	3.42436379077118	0.146624790872267	2.01899793048242	0.0156650942248601	0.999383890227533	2.00451628211921e-05	0.217297572977882	-0.0468201280937829
"42"	10	47.0772053636169	15.2738623139014	7.02275387968464	0.188508032456331	3.91285516351268	0.127349167445822	1.99557432351741	0.00992721489231233	0.999018979678375	1.55397798831444e-05	0.215055578545784	-0.0178774802835712
"43"	15	41.6997541718077	13.5291867651082	6.81758599174346	0.160952018088942	4.81018874102124	0.17483628532664	1.9823541493353	0.00924295841353435	0.998062904781569	3.22386837986898e-05	0.289359528034508	0.00303355367083976
"44"	20	35.7871197788934	11.6108748574178	6.34288122239268	0.176841001535029	5.05820861759109	0.193943886130209	2.01329042685104	0.00807290497836547	0.997385669455825	3.71966496789063e-05	0.36964508488251	-0.00250113880172732
"45"	25	29.5942199334183	9.60163282971092	6.06123709147011	0.155522252147695	6.02697134829408	0.107156559753785	1.96627407785984	0.0103438364271685	0.993211535378408	0.000150679345380785	0.566654483267306	0.00755748664719731
"46"	30	24.3367460518274	7.89588306045184	5.84741522560891	0.147078635211094	6.47469310173049	0.175484153517573	1.97849949799224	0.0089450489174102	0.99277109225176	0.000133247197097254	0.604176954110693	-0.00135185811132919
"47"	35	18.0143625142088	5.84463097563938	5.74365939689206	0.146949517682395	7.30048171000614	0.193930517496785	1.79815088699363	0.01708968379534	0.95813677098857	0.000663817529170214	0.691088581565384	0.00013517472202376
"48"	40	13.13369607052	4.26113368251854	5.58205806538846	0.115367645044937	7.21264263246927	0.230290780165182	1.79787286341383	0.0195547130512522	0.933291550872025	0.00104183469797656	0.78135085819624	-0.00668180991835527
"49"	45	11.1579726133673	3.62012434855715	5.04903125060513	0.138566094428136	7.56220505081889	0.185837794790501	1.74624837619852	0.0205158124286577	0.90533298977958	0.000858010454017622	0.957124292418726	0.000967751672999659
"50"	50	7.2493701671359	2.35200626163148	4.85094299512128	0.111449680070994	7.77086723516924	0.166001417416771	1.90058948561151	0.0131332399272901	0.955539840546509	0.000573542526836341	0.930806488143562	0.0024010229411905
"51"	5	52.3288670248112	16.9777263498551	7.22370429259251	0.217887962718405	3.23221197062557	0.18901254039919	2.01825262013239	0.015316338679817	0.999411280551087	1.57121089331582e-05	0.0848494734287734	-0.00904866058814656
"52"	10	46.5993236685769	15.1188170184979	6.9223865574967	0.199928522125509	4.3101859450809	0.189778611598033	1.98882980825332	0.011211703066811	0.998744015401081	3.25924437777927e-05	0.182235903374326	-0.00088669640066661
"53"	15	41.5181060841079	13.4702523432435	6.78134758055161	0.150880277637659	4.86166035406089	0.158813134178197	2.00468871822695	0.00951879710568668	0.997968790714503	3.5973414389838e-05	0.2958715162422	-0.00158935865504973
"54"	20	37.7572346394142	12.2500645223468	6.51488782831533	0.141639874875999	5.14254945690183	0.185138901673558	1.98894085960996	0.0087274526519983	0.996953644763317	4.25404561485855e-05	0.363693716241189	0.00657635010403633
"55"	25	28.7978152751737	9.34324503879971	6.32100604707046	0.119249524189844	6.57408888872548	0.219700855189465	1.98672972342201	0.00753742007950136	0.99644134977605	6.07930948741607e-05	0.503107256683588	-0.00713889348081439
"56"	30	25.1207858929603	8.15025917495527	6.42253677937575	0.143699290273276	6.83322221373532	0.185938350983004	1.92347148642444	0.00967236854910785	0.990766545846194	0.000203244761713096	0.627134264091688	-0.0068229784812586
"57"	35	18.3552790170741	5.95523889480286	5.40590501487714	0.121693940236144	6.66451279511712	0.179263759168911	1.93733015130836	0.00980694157077686	0.987634641393125	0.000221943736717173	0.639801630353298	0.0147457970830349
"58"	40	14.347025844742	4.65478984306764	6.25855171592902	0.121872332509152	8.23780802317574	0.166807863992701	1.76116526182189	0.0153687699212729	0.952072656891145	0.000432809883455888	0.837282001313043	-0.00856845269124072
"59"	45	9.48671665708213	3.07789731595348	5.22973515392023	0.115698415674859	7.46742287041595	0.20272391030183	1.85937729123783	0.0142785468170018	0.955403476168851	0.000567180507051184	0.80824216123522	-0.000483333198573916
"60"	50	7.04379696123567	2.2853095064164	4.5856904548821	0.0972257078623736	7.48801585352101	0.177202536536282	1.85610693632508	0.0157768514224194	0.934929736846007	0.000514266009526553	1.02675600416341	0.00482915643867412
"61"	5	51.4812215498136	16.7027138427168	7.22283573742598	0.142401607657425	3.53806078662875	0.164996612096141	1.99293367945385	0.017684276147537	0.999225111228417	1.98375865936546e-05	0.118280365789128	0.0339667152728934
"62"	10	46.565260506554	15.1077654693947	6.93865595213164	0.16955096522229	4.06304796942785	0.125294873404285	2.01085076531886	0.0103574081507593	0.998927395127553	2.31045121945342e-05	0.21958671249642	0.013148137734471
"63"	15	41.0103204943924	13.3055049432567	6.63868940667662	0.156706469509498	4.73085051628773	0.163799293952764	1.99675949997885	0.00902482871778464	0.998174744836421	4.13111861281026e-05	0.317925579060975	-0.00291379195937994
"64"	20	36.9242317607222	11.979802700772	6.6315935588257	0.174134069979851	5.32094013334229	0.172793504405462	1.98268087344321	0.00780429697262954	0.99754306820614	3.48175162693304e-05	0.388271515367958	-0.00535602897434048
"65"	25	29.3543931700793	9.52382275296283	6.05206353455213	0.15089944084976	5.85390126790357	0.197905433265085	1.95670129142581	0.0086273734426146	0.995135607835308	6.27160475265479e-05	0.441647626425642	0.0064803902808143
"66"	30	24.2324983554602	7.86206064154323	5.58379086117663	0.149285716090657	6.24626320341248	0.189425581071238	1.99584103946338	0.00901411138245211	0.99272431743103	7.22241416283306e-05	0.588624748787635	0.0117373394422068
"67"	35	20.9469344368646	6.79608294536218	6.37263714314776	0.157719562027644	7.38394440735358	0.134537312918961	1.84905339707282	0.0127059967188846	0.976562147686355	0.000308068632922693	0.669030874570876	-0.0052083402240962
"68"	40	15.1488511384701	4.91493632036197	5.47546294364696	0.151671756917673	7.31138623517618	0.154227551872474	1.87383901524352	0.0147363359043057	0.962885651554242	0.000561326819164512	0.805971721973232	0.00738073966960168
"69"	45	9.23115681768184	2.99498275529055	5.25779941135929	0.118162622655269	7.74205534601396	0.15112001489495	1.78299606457638	0.01754499777843	0.929884628237657	0.000866335366141133	0.921417118720253	0.00117896627358759
"70"	50	7.45211039806178	2.41778387839383	5.39395691726278	0.110725215464471	7.87233164467685	0.194121794103251	1.71450373304405	0.0190288661377458	0.895246007677382	0.00080232181479822	1.08933915840479	0.000345228597932502
"71"	5	53.3164297608129	17.2981340108351	7.34643786869911	0.143678527461365	3.29858510839401	0.164574987890013	1.98911597207542	0.0165615502879906	0.999318570087224	2.84925652904726e-05	0.0926679691345589	0.0132458961542621
"72"	10	47.2348462843851	15.3250077822921	7.04189366811056	0.171506002325806	4.18762188882094	0.139065833866377	2.01015465567797	0.0110346241656122	0.998784176186532	2.64687138713608e-05	0.215590739176344	-0.0217881396145133
"73"	15	40.7791878351718	13.2305156063597	6.66047954789557	0.191472718274945	4.8575380310131	0.188114343690023	2.00516745404431	0.00880985111616347	0.99825930040236	3.75271356276769e-05	0.309239684391135	-0.0111867240876808
"74"	20	36.6629996242313	11.8950478039188	6.64117576661386	0.191019496646452	5.38521377030978	0.219030331353748	2.00782841618445	0.00809792306400338	0.997381252287392	4.81125003399214e-05	0.338863149565134	-0.0108036768564579
"75"	25	27.4761458776949	8.9144388629516	6.13013850267982	0.10281109531474	6.57529049990642	0.235125192478805	1.95970014979142	0.00851236568322229	0.995289286106474	6.7747192804917e-05	0.529790302284809	-0.00454697983787701
"76"	30	24.7950755707562	8.04458479226544	5.73729750275617	0.141171750740344	6.41009853031755	0.17846245737006	1.98992290574345	0.00875236962967167	0.993129684979667	0.000145351826208654	0.637575946742062	0.00783921322999299
"77"	35	22.4029445769442	7.2684750135712	6.5576586378066	0.124189326930592	7.45637933850494	0.191583345586952	1.84296427012358	0.0130985772262204	0.975041482426705	0.000372736435833226	0.718568945305613	-0.00943948072588182
"78"	40	13.4629492565503	4.36795752201787	5.57533182833211	0.0929266945695731	7.62207985955979	0.20401476375969	1.69556610123036	0.0202483703601215	0.919505403597518	0.000775218626364152	0.794365697220792	-0.00494973164054683
"79"	45	11.0566966858689	3.58726609878687	5.52261741257878	0.132950950469048	7.65045804758244	0.150012907066283	1.59829135536843	0.0235621154620175	0.86212311835495	0.000986519814371352	0.90830376529849	-0.00659064149218385
"80"	50	6.75279844831857	2.19089712179169	4.70548341415497	0.0719665037213381	7.50648767836567	0.153676568506042	1.88943351543292	0.0142330603816072	0.94784740798764	0.000643046427062714	0.984603639737352	0.003895082616837
"81"	5	52.2208144174467	16.942669454808	7.2559658549048	0.156423120725227	3.12852316391471	0.114102665547136	2.00322659275218	0.0162114710539794	0.99934954360793	1.644050955637e-05	0.0609003611081767	0.0500741660887417
"82"	10	47.1866207815041	15.309361363068	6.98929439794533	0.161995811301648	3.999535891799	0.13074405286283	1.9933873246458	0.0110216142632188	0.998789989348851	2.60328073332862e-05	0.130503176642987	-0.0024599740421695
"83"	15	40.3506883077164	13.0914920017644	6.58272093610906	0.199939627457218	4.81650577558436	0.150386741927914	2.00302106653104	0.00951372204712585	0.997971849673857	3.08669742523986e-05	0.334058862916448	0.0044632946765393
"84"	20	35.9892278790734	11.6764473838843	6.504189417438	0.162177126673867	5.28982291618535	0.1891505639449	1.98593798538091	0.00785566931874673	0.99752154309431	5.27205856441431e-05	0.4071694366527	-0.00120976062219565
"85"	25	30.4246998475379	9.87107609348897	6.2527561501128	0.151100215729266	5.94365918666523	0.219115417558028	1.98878786705073	0.0078700453064172	0.996128975703027	5.29240077760112e-05	0.465556653142907	0.00963490250972017
"86"	30	26.9027210960193	8.72839529696159	6.21974672001141	0.148528162939455	6.36579222603809	0.183321336399382	1.96831171804216	0.00898615133927739	0.99262500056623	0.000139573016585296	0.64565411318413	-0.000748182321808847
"87"	35	19.4092956760456	6.29720705543057	5.88630697084221	0.124896411851478	6.78612359019474	0.240382921255786	1.94728518055372	0.0103159837726806	0.986596147433746	0.00022128591142341	0.661984018160493	0.00123023499208724
"88"	40	13.9742332037044	4.53383993903524	5.54644447708207	0.133463548864444	7.59894155515686	0.154191748942167	1.91501932999894	0.010418874527127	0.981392522024028	0.000205405868495287	0.744028685528475	-0.00529093838330373
"89"	45	9.34943121557754	3.0333560371106	5.22240740139272	0.103463418854704	7.80254382933995	0.196882849850888	1.94065022128106	0.010614154563784	0.976719047722061	0.000351091886120745	0.944084004411829	0.00285608068145511
"90"	50	6.88375152788217	2.23338391112821	4.78286591008422	0.104008029518693	7.45668907994447	0.231081384739087	1.71989395382589	0.0210346791639746	0.878108547482139	0.000734801326716139	1.00776796485299	-0.000122347505745836
"91"	5	52.1278880216504	16.9125201508347	7.24043462606607	0.164554428736087	2.89702436023955	0.11134377914287	1.97947485747364	0.0164769043416005	0.999317830606553	1.82798039154077e-05	0.0754749293270282	0.0342844939216854
"92"	10	47.9753699839899	15.5652653961539	7.04208166479655	0.166478097030123	3.98991553431674	0.174435819516863	2.00474881294884	0.0106316595251208	0.998874954326321	2.49749767335164e-05	0.249331989042363	-0.00496638771759551
"93"	15	40.5222100748017	13.1471410113873	6.5310084128407	0.180847284576723	4.39118171561534	0.157463775265471	2.01061392331663	0.00905837472716604	0.998153516724115	4.11719096877631e-05	0.329630352865088	0.0343689286873728
"94"	20	36.8937698814131	11.9699195620683	6.3826021112979	0.177258941002361	4.92902985779494	0.149716336218447	1.9772677023388	0.00806229768270721	0.997358673056297	4.45959973100206e-05	0.339544729667364	0.0171004882553152
"95"	25	29.7065354526141	9.63807279598887	6.27067165330563	0.161468855554717	6.0889198597818	0.151681183540215	1.97935987888421	0.00759130600521768	0.996359234825702	4.48291150437747e-05	0.512997374622742	-0.0121188267055302
"96"	30	22.1344536508939	7.181365054402	5.64039615061218	0.101039571004336	6.77222515953664	0.212947566734843	1.97691862134179	0.00763265452043004	0.994700790316029	7.3624101478989e-05	0.592750792927287	-0.00501341255091975
"97"	35	20.8687440652647	6.7707146389628	6.06547487065604	0.135306814272029	7.00773385320936	0.178308880938385	1.90125283942375	0.0117099530622304	0.981705969611466	0.000289583891019658	0.739771953176909	-0.00321935815075882
"98"	40	15.7021917059155	5.09446370680258	5.78452851900791	0.130229881071331	7.44602796407399	0.139581646569263	1.77043970788093	0.0180897873211125	0.939205153922036	0.000716346715900741	0.810363491212416	-0.0008371566372863
"99"	45	12.7105618653758	4.12385081834348	5.44214116628952	0.108045389376018	7.47887669198724	0.149831087394897	1.79202337915881	0.0180836733689875	0.927102638784892	0.000923841772924884	0.908221389340886	0.00204758128887796
"100"	50	6.88754682682251	2.23461526870364	4.97135488648313	0.111994858870839	7.85514717004333	0.174334237424529	1.70513589237223	0.0193029652163017	0.891825364101626	0.00113739662720605	0.968160622595722	-0.00189971574502774
