"n_selection"	"var"	"var_se"	"dist"	"dist_se"	"z"	"z_se"	"w"	"w_se"	"evv"	"mean_cor"
"1"	5	0.811694109383882	0.263348343895444	1.3304269142063	0.0195276139142273	2.00164677168391	0.000816540104295705	0.998841155443963	3.12879281360976e-05	0.0651220480580801	0.0121357677904018
"2"	10	1.02235729220447	0.331696505689613	1.6634093457225	0.0181118908779065	2.00086378541408	0.000907421003877246	0.997285418966071	4.6835716168841e-05	0.326574610349633	0.0299956337021438
"3"	15	1.11616849914169	0.362132880304311	2.27109814482548	0.0119894813074061	1.99977447460735	0.000853771922757016	0.996055892042833	4.36345650761614e-05	0.300225776860036	0.000898321975402301
"4"	20	1.2332951802219	0.400133793618632	2.45455550429971	0.0191072123932004	1.99910468295478	0.000862457176985711	0.994670162031512	5.57245546173962e-05	0.400984440062922	0.00117363038169978
"5"	25	1.25565854415329	0.407389426975063	3.22606020068692	0.0154251362528992	1.99668322297868	0.000963696671663217	0.992432405029857	6.41448128215843e-05	0.48872631070948	-0.00504517453734249
"6"	30	0.907083792119076	0.294296843684475	2.87811732525227	0.0178280555884553	1.99574347403419	0.00146365790059998	0.986934266213371	0.000236484750769747	0.644951830885759	0.00421438377510513
"7"	35	1.14672951033778	0.372048181639155	3.89950545085811	0.028088330718072	1.99388066989318	0.00179756494296394	0.980832278896257	0.000259420304676734	0.736600526556698	0.00213606525634928
"8"	40	0.818695912146538	0.265620028684715	3.11698122536579	0.013676129059871	1.98979291274218	0.0028005757177489	0.965919044720248	0.000412939382424264	0.779696279911848	0.00856366363126438
"9"	45	0.96357451099266	0.312624853077218	4.41379689029223	0.0205660912533641	1.98800023030236	0.00269435247472527	0.964131544716843	0.000623569611440974	0.944465990373281	-0.00579286815543755
"10"	50	1.08059652982237	0.350591809473509	3.98099016787154	0.0379585026219966	1.8789899507974	0.0115618676649914	0.827268383478841	0.0012787871364057	1.07250599581618	0.00185488697297798
"11"	5	0.817525836122173	0.265240405893708	1.35616956877457	0.0225614294473144	2.00004364759491	0.000848785931491067	0.99882278888647	3.22074370311411e-05	0.0249705423388929	-0.00632261686222715
"12"	10	1.32427658968767	0.429652060698667	1.96515392072436	0.0254385205521799	2.00009950403955	0.000732123715183564	0.99781314603845	3.75851771444209e-05	0.184328006174172	0.00547084743904514
"13"	15	1.30304712028751	0.422764311306776	2.34624523861931	0.0153637660709305	1.99974026205276	0.000812772081548695	0.996263839638106	4.58380649255443e-05	0.294366288811131	0.00180151383234406
"14"	20	1.39563044033449	0.452802306808827	2.67399680706935	0.0156890714106618	1.99913237726828	0.000895180197240895	0.99446135629479	5.57570157075458e-05	0.413790098958861	0.00995302099892261
"15"	25	1.29082694176119	0.418799561852753	3.48978438053418	0.0160444424007158	1.99772083400488	0.000935894735874169	0.992776521403944	8.37384006655319e-05	0.514272115416013	-0.00434816057233108
"16"	30	1.27012783192012	0.412083883823633	3.46492649695225	0.0184695534779245	1.99762211862376	0.000987358338111059	0.990880409068341	0.000107357202224438	0.534547074628623	0.000599303235234239
"17"	35	1.20283330137016	0.390250655063349	3.82173127835836	0.0311576743475291	1.98675198826122	0.00387964849564951	0.959162495030783	0.000553306232961902	0.7043530373424	-0.00152180101182568
"18"	40	1.0765860131291	0.349290626038609	3.92319212238718	0.0226599658259999	1.97984838183335	0.00294680276791952	0.963375438662035	0.00042367664893183	0.792179698594991	-0.00344310693785376
"19"	45	1.02250766796847	0.331745294029895	4.32625659114431	0.0340607797772952	1.96558939257197	0.00507226118110757	0.930130386279505	0.00068913588007111	0.897448192537182	-0.00114971280001555
"20"	50	1.34808252434932	0.437375725802985	4.89132074380389	0.0381585546909204	1.83541120215603	0.0112967446627258	0.824153512609825	0.0013661390721815	1.0233102409544	-0.004835286550124
"21"	5	0.835888096539801	0.271197909853949	1.28583271837382	0.0181324625293588	1.99959773760917	0.000819212205306688	0.99876984735251	1.98275618363081e-05	0.105490758408882	0.0521628386786391
"22"	10	0.948174014787619	0.307628272316216	1.61278741846596	0.0183544144940038	2.00194048647729	0.000834009694777567	0.997493483198398	4.6009932629885e-05	0.148689697997293	0.031629043975009
"23"	15	1.29906144605519	0.421471187830513	2.45224707086338	0.0132043702634448	2.00143473873714	0.000913671632993846	0.995829221771615	6.04698237476443e-05	0.284197492112733	-0.00852527960784116
"24"	20	0.958829940782797	0.31108551123302	2.44533454187773	0.0166761642426347	2.00000214563325	0.000836925254022366	0.994794083026884	4.27175150519752e-05	0.402687409858553	0.00969321242653968
"25"	25	1.13371067183049	0.367824312670908	2.65930133356925	0.0156158472189511	1.99884606852571	0.000868611131551193	0.993279762827578	6.73412100668729e-05	0.566450078882278	0.00769809612313607
"26"	30	1.19203538840992	0.386747349492035	3.08726641489644	0.0180145125887049	1.99919078020515	0.00119775968915638	0.989055378205045	0.000141443977477804	0.56532774993861	0.00186503394780461
"27"	35	1.30827411461252	0.424460172202068	4.0829272021019	0.0214257988284612	1.99641477966488	0.00182935572569876	0.981139319586204	0.000346561504325404	0.705243409557875	-0.00907416956285591
"28"	40	1.26059457970134	0.408990888377775	4.16593789428016	0.0206978949544498	1.98257627003774	0.0033825141002467	0.959286640733983	0.000610882700439978	0.83188446851565	-0.00517792778437918
"29"	45	1.32742063750474	0.430672124508645	4.5825348577666	0.0261528073483848	1.91528500568732	0.00807319548040061	0.887929552720658	0.00110489349438216	0.854634724358373	-0.0057906130503514
"30"	50	0.731808161157022	0.237429919795965	3.72324998475968	0.0176523944519733	1.94237660530193	0.00848367410860898	0.87282339633082	0.000730429612941452	1.02207966940321	0.00472577182020697
"31"	5	0.74199066607913	0.240733560634235	1.24033033295114	0.017360010173015	2.00088019354108	0.000792989878194701	0.998814505526169	2.10273447268356e-05	0.177450609801409	0.0921057468100369
"32"	10	0.90180862330117	0.292585352919784	1.65655768988252	0.0174858597286027	1.99908107564706	0.000857442866760017	0.99736289507557	3.1697501540631e-05	0.133172575626504	0.01628612268565
"33"	15	1.31859527067077	0.42780879740903	2.36316107057309	0.0175112182788741	2.00003331344419	0.000785230284991158	0.99636391583854	3.81089547871061e-05	0.299162122507316	-0.00280824151756088
"34"	20	1.34036414716875	0.434871553572874	2.56808122260108	0.0171374880264797	1.99972768146516	0.000868247133260474	0.994691799073373	6.74935756391193e-05	0.375833109514053	-0.000559193714744323
"35"	25	1.32787043635021	0.430818058524515	2.93460841107216	0.0253012051314906	2.00018443178338	0.00110814756067323	0.991518371240791	0.000101857297868831	0.527391808313458	0.0117975802514251
"36"	30	0.981989198678325	0.318599366689313	3.19350533078905	0.0209592999925378	1.99897288585043	0.000903270679669386	0.991578221067424	7.05384036841694e-05	0.600354878233829	-0.00186060384290164
"37"	35	1.47324237740356	0.477982944264939	4.12625973598948	0.0245785403388681	1.98283143586067	0.00230461238599422	0.974848075566108	0.00035754854012356	0.745281940962402	-0.005750910819467
"38"	40	1.65050436270931	0.535494326602456	4.60740460938449	0.0309248978050734	1.92854604960242	0.00660238139108667	0.918017010362664	0.00116828022606624	0.885227394362841	-0.00658912372726396
"39"	45	1.28639588672023	0.417361937761047	4.20136866686438	0.029932618499842	1.92672387335674	0.00800678302998404	0.890889251343291	0.00124552471453346	0.934570314231802	-0.00117448621865237
"40"	50	0.636421849937303	0.206482513870996	4.0586608257745	0.0272484979304549	1.96561181734966	0.00516286761739051	0.921163262161394	0.000655026397085067	1.00186466016693	0.0026341238990741
"41"	5	0.959018271507306	0.311146613788565	1.5478915860894	0.0232548727327381	2.00007848467028	0.000739224315702402	0.998936489250977	2.4039334938726e-05	0.217297572977882	-0.0468201280937829
"42"	10	1.16205416011108	0.377020154568267	1.9792831855288	0.0225862591039021	1.99903140455859	0.000678245314250993	0.99791177795875	2.57820842483767e-05	0.215055578545784	-0.0178774802835712
"43"	15	1.51174206365787	0.490473891899463	2.70991035452396	0.0191744852148123	2.00038202174687	0.000863305640111315	0.996063701600642	5.51356231686026e-05	0.289359528034508	0.00303355367083976
"44"	20	1.09959486516111	0.35675568338905	2.42334523883141	0.0171308043022471	1.99954290731149	0.000793022755136519	0.995125867267434	5.66850016269668e-05	0.36964508488251	-0.00250113880172732
"45"	25	1.30621306275839	0.423791478680465	2.92666947361495	0.0117210881469648	1.99660052091136	0.00110259582726169	0.991368518867587	7.37887253198395e-05	0.566654483267306	0.00755748664719731
"46"	30	1.05454602295265	0.342139908982346	3.313811437738	0.0178660520517508	2.00006471431105	0.000966698448217081	0.991089034682438	9.91324172558994e-05	0.604176954110693	-0.00135185811132919
"47"	35	1.89949261718737	0.616276783575052	4.01516831252734	0.0303265872958638	1.97455226417521	0.00339965885437361	0.962565425209206	0.000408993054982255	0.691088581565384	0.00013517472202376
"48"	40	1.25452871964987	0.407022863501915	4.15431879376284	0.0185438954746618	1.9772697545263	0.00467075212002064	0.943694901914122	0.000716554882002235	0.78135085819624	-0.00668180991835527
"49"	45	0.940456988865294	0.305124538492172	3.76550143587378	0.0293553836181895	1.92009474597328	0.00878040627212996	0.878807075722577	0.000784181804213043	0.957124292418726	0.000967751672999659
"50"	50	0.560920131672552	0.181986521801552	3.94370879206431	0.0190496331961545	1.98700205347343	0.0027328420456637	0.958174905446037	0.000436338260269644	0.930806488143562	0.0024010229411905
"51"	5	0.911014205567191	0.295572038194845	1.39136342652733	0.0124765870549868	2.00045576252136	0.000955485436401102	0.998636778233048	3.25203488350139e-05	0.0848494734287734	-0.00904866058814656
"52"	10	1.13619876724948	0.368631557420461	1.90131953792646	0.0225069100306866	2.00064252301061	0.000931209756272093	0.997236941425154	5.08993604604153e-05	0.182235903374326	-0.00088669640066661
"53"	15	1.26467161227678	0.410313652414545	2.33578593878485	0.0192120257533268	1.99948458047864	0.000831075146511776	0.996175842698644	4.64215015503965e-05	0.2958715162422	-0.00158935865504973
"54"	20	1.06975085486834	0.34707300786518	2.43069197801179	0.0145344694197229	1.99881725881482	0.000786359824030406	0.995144711738244	5.39734380892489e-05	0.363693716241189	0.00657635010403633
"55"	25	1.34612869644627	0.436741820324831	3.45576750089531	0.0163141478119089	1.99987349434984	0.000877767906746794	0.993228499994493	6.98933162913188e-05	0.503107256683588	-0.00713889348081439
"56"	30	1.30808812079209	0.424399827838322	3.97412239712794	0.024085146310098	1.99692407208127	0.00111343399148181	0.989508803591771	6.34167956868519e-05	0.627134264091688	-0.0068229784812586
"57"	35	0.888725661853484	0.288340679722499	3.27091436805585	0.0214556265395897	1.99405850843263	0.00133691831028991	0.985377336695891	0.000140330907389311	0.639801630353298	0.0147457970830349
"58"	40	1.10847366622544	0.359636346842235	4.76519304581365	0.0231854098980022	1.98683568075972	0.00210401172971332	0.97393779075119	0.000329571451256129	0.837282001313043	-0.00856845269124072
"59"	45	0.878352054633667	0.284975037111597	4.1080078759432	0.0279317185579913	1.99534392198231	0.00217272034959126	0.97006742436961	0.000295607478115069	0.80824216123522	-0.000483333198573916
"60"	50	0.829995767898207	0.269286186001931	3.70164027681527	0.0166694491147053	1.97216001803298	0.00483738967781061	0.925849189841648	0.000463710536707929	1.02675600416341	0.00482915643867412
"61"	5	0.785241821450043	0.254766088413869	1.30762311652977	0.0199059843180357	2.00134173988816	0.000841113627278886	0.998755784898759	2.53910013472651e-05	0.118280365789128	0.0339667152728934
"62"	10	1.07760703217214	0.349621888358937	1.81634155796268	0.0229300891891073	2.00140392690351	0.000804174562086077	0.997543260233885	3.55069058203263e-05	0.21958671249642	0.013148137734471
"63"	15	1.08067727198359	0.350618005689787	2.15156777021134	0.0111003204368547	2.0003751781998	0.000839883479140211	0.996171839254535	5.39198055385138e-05	0.317925579060975	-0.00291379195937994
"64"	20	1.34472942097262	0.436287835413052	2.86480731987558	0.0172456541821906	1.99970347524045	0.000853567211875532	0.994743044440587	5.80005582087238e-05	0.388271515367958	-0.00535602897434048
"65"	25	1.3311564109949	0.431884169477837	2.9125996777962	0.0161036464988681	1.99950390199277	0.00105054559677886	0.99184336982639	6.78486313683255e-05	0.441647626425642	0.0064803902808143
"66"	30	1.16563704526034	0.378182596009591	2.85163371852766	0.0193904210495056	1.99950248904689	0.000974927996974723	0.990961431120161	8.76091233108308e-05	0.588624748787635	0.0117373394422068
"67"	35	1.24649605600512	0.404416723278083	4.25134924093393	0.0214279120238779	1.99124489805789	0.00166642853431169	0.982120301743697	0.000262000172859521	0.669030874570876	-0.0052083402240962
"68"	40	0.858498104569499	0.27853356512266	3.8051483180045	0.0208963602220207	1.98768177316982	0.00246382483576479	0.969857058645359	0.000390628875727443	0.805971721973232	0.00738073966960168
"69"	45	0.932963061530224	0.30269318740788	4.2654280952297	0.0316746178829471	1.97286101282947	0.00423034276796302	0.94179079520895	0.000642189044295816	0.921417118720253	0.00117896627358759
"70"	50	1.00434875819476	0.32585376573054	4.42401099664936	0.0293295342592208	1.94016499565635	0.00641752094576153	0.901578818943899	0.000930876092353298	1.08933915840479	0.000345228597932502
"71"	5	0.82229419147966	0.266787464658804	1.33562108425233	0.0197422381252386	1.99927230143877	0.000898052241051414	0.998753816382033	3.45006525849067e-05	0.0926679691345589	0.0132458961542621
"72"	10	1.2953971946006	0.420282347673826	2.11501318814646	0.0166646613122626	1.99898137393982	0.000891788337168771	0.997368696185908	5.16493352013124e-05	0.215590739176344	-0.0217881396145133
"73"	15	1.26670734670534	0.410974131878634	2.33450523114454	0.0178119313006901	2.00005706638299	0.000735152060106425	0.99663679677567	4.47995206223446e-05	0.309239684391135	-0.0111867240876808
"74"	20	1.22673898812357	0.398006684019837	2.97556677251282	0.0143054318117901	1.99995202391777	0.000815135397500908	0.99515934716404	8.7634053628421e-05	0.338863149565134	-0.0108036768564579
"75"	25	1.19342073790537	0.387196816219864	3.28654493498504	0.0142919901937983	1.99966690573957	0.000877252815845203	0.993222925018957	6.76296748263854e-05	0.529790302284809	-0.00454697983787701
"76"	30	1.00714547211614	0.326761139544186	2.98219416000306	0.0115652940707959	1.9990486346783	0.000913739802874747	0.991492949856167	7.44224948853608e-05	0.637575946742062	0.00783921322999299
"77"	35	1.19683478241085	0.388304478522829	4.3408962337761	0.0216035727237011	1.99380715153237	0.00146428367385707	0.983976735815313	0.000142280452073989	0.718568945305613	-0.00943948072588182
"78"	40	1.45441830218525	0.471875607798164	4.25143023679824	0.0248337556788236	1.95014726220194	0.00572833847221358	0.929146197365822	0.000844585296150003	0.794365697220792	-0.00494973164054683
"79"	45	1.42900735336804	0.463631207339346	4.56942284108738	0.0302984140663407	1.92356845802805	0.00735645674211192	0.897939974237362	0.00112545989396162	0.90830376529849	-0.00659064149218385
"80"	50	0.6346302977895	0.205901257600103	3.77802517524022	0.0161289293954278	1.98297410876008	0.00345855818029602	0.947300471014067	0.000535138369900983	0.984603639737352	0.003895082616837
"81"	5	0.742080193367574	0.240762607122158	1.24901182297124	0.0182569925403242	2.0004009107494	0.000891000777655687	0.998788536748455	3.61751143358911e-05	0.0609003611081767	0.0500741660887417
"82"	10	1.07126136968688	0.347563083586185	1.8297399210337	0.0176041496787827	2.00011457044152	0.000896850268624498	0.997387386470013	5.50289568926044e-05	0.130503176642987	-0.0024599740421695
"83"	15	1.2084093400609	0.392059760904731	2.29562340928332	0.0116188793775969	1.99901769212094	0.000836568278867057	0.996126216286561	4.27210637940012e-05	0.334058862916448	0.0044632946765393
"84"	20	1.51651868513925	0.492023632549289	2.83030274869205	0.018260523505471	1.99976861222239	0.000861452465974044	0.99464498097302	4.50771632509081e-05	0.4071694366527	-0.00120976062219565
"85"	25	1.23866282137177	0.401875286369536	2.98043748430482	0.0159663657171575	1.9990165832058	0.000898634561226412	0.99302790412689	6.2997029139069e-05	0.465556653142907	0.00963490250972017
"86"	30	1.23081228027333	0.399328234502269	3.48785315011185	0.0165752859695288	1.99945316631623	0.000942008739299629	0.991193360589948	6.26329846207688e-05	0.64565411318413	-0.000748182321808847
"87"	35	0.994515085040997	0.322663300862663	3.74592745695535	0.0172715027747281	1.99933562849967	0.00127225879097924	0.986274888004942	0.000133729639894871	0.661984018160493	0.00123023499208724
"88"	40	0.821111257409425	0.266403670166849	3.91978014228299	0.0137752514020362	1.9952186572182	0.00145031743141279	0.982191479133364	0.000210504393255357	0.744028685528475	-0.00529093838330373
"89"	45	0.745469038798985	0.24186209376591	3.97242288039554	0.0152802792774189	1.99660174934979	0.00142262812070002	0.980249941741488	0.000186604977220186	0.944084004411829	0.00285608068145511
"90"	50	0.733450173411046	0.237962658918688	4.0041629889335	0.0201578569615587	1.92825711852912	0.00855465297087512	0.870849449297046	0.000882505556883465	1.00776796485299	-0.000122347505745836
"91"	5	0.767467907070949	0.248999469114603	1.28389912696547	0.0184044283230962	2.00039403674048	0.00100139528076265	0.998605642177283	3.75727165202063e-05	0.0754749293270282	0.0342844939216854
"92"	10	1.14610066561586	0.371844157470236	1.90274100708945	0.016805147855423	2.00063390963988	0.00074236641221778	0.997724679500794	2.86754771375715e-05	0.249331989042363	-0.00496638771759551
"93"	15	1.02566460100392	0.332769538356745	1.9210519804965	0.0159112572486833	1.99893338421227	0.0009226640306206	0.995725173135506	4.62469023948834e-05	0.329630352865088	0.0343689286873728
"94"	20	1.00736182916664	0.326831335040595	2.33415423891971	0.0115331559304181	1.99841347348512	0.00084487826876946	0.994827895949528	6.91188078766264e-05	0.339544729667364	0.0171004882553152
"95"	25	1.29103160491592	0.41886596334838	3.22169323532121	0.0211581147054006	1.99900578291871	0.00088333500521657	0.993171319315839	6.89303847600045e-05	0.512997374622742	-0.0121188267055302
"96"	30	1.18055235817458	0.383021762524707	3.26351169165594	0.019966483759232	1.99823101794952	0.000952971066222973	0.991095512948375	7.27313230685475e-05	0.592750792927287	-0.00501341255091975
"97"	35	1.39794322819837	0.453552674276932	3.83428543723783	0.0165197428967821	1.99676631579989	0.00147357904676425	0.984070437114105	0.000155162406295884	0.739771953176909	-0.00321935815075882
"98"	40	1.29451787622408	0.419997059120492	4.1020820169198	0.0277847890614272	1.9738523843254	0.00415474413482045	0.951201051555126	0.0009352070806794	0.810363491212416	-0.0008371566372863
"99"	45	1.11143328136191	0.360596572789113	4.11223186239981	0.031616414611291	1.96492473504888	0.00500864352053471	0.931654112622824	0.000844915260157272	0.908221389340886	0.00204758128887796
"100"	50	0.863209165749909	0.2800620352021	4.27702069210609	0.0267214230191591	1.94104605337183	0.0065494132449626	0.899498463177166	0.000836278727026812	0.968160622595722	-0.00189971574502774
