"V1"	"V2"	"V3"	"V4"	"V5"	"V6"	"V7"	"V8"	"V9"	"V10"	"V11"	"V12"	"V13"	"V14"	"V15"	"V16"	"V17"	"V18"	"V19"	"V20"	"V21"	"V22"	"V23"	"V24"	"V25"	"V26"	"V27"	"V28"	"V29"	"V30"	"V31"	"V32"	"V33"	"V34"	"V35"	"V36"	"V37"	"V38"	"V39"	"V40"	"V41"	"V42"	"V43"	"V44"	"V45"	"V46"	"V47"	"V48"	"V49"	"V50"
"1"	2.33954299895313	1.01071028011168	0.339873093892707	0.371304296072396	1.40161498391297	0.625792337384103	0.875928080744402	0.424880552203581	2.86198415919273	6.83510124715	1.6761968587243	2.95163054794316	1.83568335902368	3.23223216849203	0.518589516248005	3.37532346535749	1.73673653274727	0.279432748965209	0.897462974552813	0.626132109061727	1.96435275452833	0.32359427673219	1.27437684577411	0.389717325126217	0.474984022716202	2.68204873557413	0.937353652315307	0.819093758465857	0.469546407382775	1.54981647607467	0.973351746223208	0.251558774373561	0.624001084970944	0.435144651501291	0.169593228130061	1.41039067982082	3.38380499272144	3.87731155403159	0.288711995840406	0.238366533778462	0.289992184821383	2.55040257543901	0.667199532170475	1.24093594363717	3.18724235072378	1.68932311726287	3.63564224675435	2.3520861292662	7.79731615455012	1.93888891279734
"2"	0.152105301836329	0.35816463224354	1.22111828816181	1.40140289050814	0.656159240428192	0.713557248836069	0.545024456496883	0.517542386214549	2.02606312340224	0.412217807370483	6.32208032430055	1.5589292479921	0.671656259606505	0.347403910069047	0.446127952602362	1.83758995184507	0.742872768331556	1.45850026668292	0.35617376299314	0.427552034387411	1.33169951194049	1.41731218462056	0.755794893982671	0.843763872943684	0.376248867616812	4.52160064476424	0.58986177161697	1.02475410068358	1.70459952872868	0.406797792330578	3.54509536588618	0.965743809161618	0.927087269053886	0.601734084847899	1.19691513035892	2.31453610514584	2.71746809268661	2.48420566647729	1.43062861608933	2.68806376729832	1.2828739551059	0.530220492272934	2.03642629829619	1.73149168345111	0.434458897694243	0.56586961059086	1.04845410446103	0.836074738585069	1.59523392841424	8.16156594459458
"3"	0.806142783209723	1.62306206197927	1.1137961050932	0.705789203761327	3.19568601134552	1.45118778532272	1.02032013773307	1.12897880322916	0.889756450189746	1.15137050877878	0.423893092836753	0.368686049860424	0.197933191655472	0.914428437878056	2.25387497067871	0.274505188499106	3.18521662784237	3.8018686116187	0.447571600163045	0.331585054377709	5.14136152387121	0.526011343915682	1.43506162745765	0.384813868299601	0.852177996133623	1.30924542560898	1.26536546523615	0.571006942965704	1.59469274329163	2.33073109891001	0.262241626348162	2.31286645909248	1.16127637815206	5.94551160286429	0.958443409041307	2.21247990022566	2.56908005938262	0.375781264987241	3.0240184346995	0.884362352406666	0.412018017034102	1.44877709901076	2.074333491236	0.91568086289779	0.976295446652819	0.724958403295256	1.25286840424763	0.857961657166163	4.10050543209697	4.26086909926789
"4"	0.962338573975896	1.12651386946423	1.6259948310451	0.799073813356261	0.986849835963027	2.62297060087635	1.16259232779766	0.913610257580149	0.306885064328531	0.28299640429924	5.93060028395451	0.437541684340794	0.758808273959921	1.4198151434953	8.0850200161854	3.35269092997818	1.15124066147846	1.90095057964122	0.118802594857748	0.680375955352569	0.48876328206119	0.621346157698355	0.781235123441181	0.173370523077278	2.00523155493462	0.720019419835983	3.4222189268434	2.27173439236847	1.0070602130296	0.423571323476131	12.5235538844074	1.36716647356324	1.49249080132108	5.68132174818564	2.30294839234391	1.39146347069281	0.392740221725694	0.464318334207195	0.290941915861841	0.758802195295026	5.09972417375606	0.238214062705136	0.0667999477344851	0.796742219739772	1.20423258321835	0.183651596082813	0.704417780814324	0.784025010058157	0.915665187744303	0.750993850570783
"5"	0.769363352835158	0.46758104225701	0.891484448468059	1.5617939528424	5.12566535365388	3.12299611189161	0.8537545002885	0.415684016071833	6.88587670995556	0.187597595304626	1.66691792631834	0.346283612007686	0.712295103353896	3.32088676312481	12.8001417094701	1.96725254728532	0.640789842492926	1.01688750347148	1.27331584169662	0.855251719743807	2.56941901978005	1.28455491368126	2.97908348049761	1.56627185819984	3.85887936541562	1.4968982304828	3.57692165839193	0.418205282406612	59.6772273371714	0.475401967457172	0.450386052914133	2.11028304047332	0.609062424454773	0.791340883963691	0.310823496932283	1.37822731250223	5.12427391619406	2.1630496162324	5.52795738965371	0.369562365592157	0.138995327669091	2.27332030665034	0.266259868864264	2.30639865117631	0.997407682963307	2.93651731491752	0.809656075716261	2.29427971504473	1.15877720742978	0.509168679154961
"6"	2.05329073798679	1.59281837109644	0.427627020361296	0.363871478760977	0.545564027718726	1.06732353346045	3.20674932799984	0.190238621005316	0.266556936445463	1.19550586687362	1.67423432515054	0.778425304288615	0.24180456024069	0.0650601106522332	0.511404599654748	0.485053676727409	2.21748139077421	0.479266667478272	1.26835824464165	11.5363125633685	5.40422001449782	0.162626981625404	1.21638205077931	0.856779917190733	1.34346415856351	0.544152800467622	9.35189391819858	1.55144021232804	0.267410297330791	2.52988631941211	0.119929519273014	1.23818117326	1.0051137456672	0.346242305548639	1.85786687455664	0.196291078517717	3.14966336310475	1.71012965243316	0.113665399013886	0.885762820707866	0.283852354477476	3.31545971366024	1.00972603398873	2.12482910092764	1.31958758924454	0.778947176040289	0.579565773457024	1.78240534689127	8.96488089910919	3.15383654864022
"7"	0.664158435576312	1.10859151962267	6.41096194647798	0.697977791254385	7.81390227216715	2.20760532925328	0.32160182739322	0.573249739314346	0.323868378059296	2.74197244836905	0.437746420169392	1.6759022973807	2.0190588439926	4.65273072327607	2.9243161786921	1.16706796366506	3.13314300353499	2.2760785691125	0.334719808449057	0.60287095659068	0.931165779274779	0.38345842320093	0.170599276266102	1.61602662388232	0.466276268780261	1.44607490459793	0.452363099081948	2.92343919625326	0.825710142875888	0.97115420522705	0.371304744424395	2.12712184424578	0.940644470476402	1.54593018455415	0.667597725114326	1.3998386748968	0.0763288253336867	0.696254161796329	0.739827012912226	3.62514031646864	1.15015574680609	0.460376411497534	2.04620110370188	0.499887788954704	0.417827025900887	2.03297675345582	2.58635448033413	0.115444031523107	1.02621157438272	0.249792479467671
"8"	0.429670988345807	1.03607307414017	1.25365756449448	1.3183624580823	0.303207913279077	0.0658619409737493	1.23331754644565	0.246026651814552	0.66033025440424	0.851678739255533	2.77013890861629	0.666762926113885	1.99992132589076	0.564162670904428	1.18927233543019	0.8338148043407	0.618535651772856	0.347491158261457	1.52267865262471	1.48924313295595	1.57944589699346	2.11763832722434	2.87839706959178	1.12506115819069	0.170020936270375	3.40898868192337	1.01307104043115	2.89608883755196	0.640737121661844	0.279069148667564	2.67822485193771	0.201182644065828	2.35007875805678	0.665435532112574	0.116258589691124	1.80188145048481	2.1909505210518	3.53479625626993	3.07196058619934	3.62703186899849	0.324995056297611	0.936883202190899	1.52665796493323	0.866426474150436	0.660935831511368	2.95194329826743	0.933542149252345	3.16193663391049	0.364021732326728	4.26195473527276
"9"	2.81280776426388	1.97739602202573	1.04158182421571	1.30638386080559	6.09361940421384	0.767047960944607	10.1448502982245	0.975639367222068	0.354583108915919	0.536598312136545	0.337441093721479	0.441956737920301	1.47251210472104	1.2024852614269	0.516135037093015	2.50759601934089	0.950884709786323	0.501124822375309	0.197290459580209	0.53636105664236	0.334682383193939	0.315105328030221	1.99169183564244	3.07758509526029	0.479592514233359	2.02093716414289	0.702487526263846	3.93911589038824	0.505081961496891	0.560490188346433	0.714892191084085	0.275224961789572	4.18492457830675	1.50382262944288	1.09530330565934	0.428437213631213	5.31960499626884	0.540351492756061	3.70239048962274	3.12990540117537	3.83431300192712	0.58127117500174	0.618146431330512	0.899030070565341	2.54447992937726	0.779434215838703	0.16549142263011	0.921999400559169	0.691033131116149	4.59948485090514
"10"	1.27093361331272	0.339878784812864	1.98113685975176	1.61312736694989	0.78094653052512	1.78579183748934	3.1740636229643	0.652163829066654	0.53821577300345	4.28488427730197	0.321462332662335	9.13905192499773	0.449682629367485	17.072705640233	1.09474758399503	0.390397395732315	1.10924663019185	4.25838693822583	0.988331737721382	0.662506638843027	8.0261777310991	0.88495394359013	1.25417125605197	1.39771983987544	0.646126016473492	0.182205237189007	1.05730083234061	3.27034084716348	1.25998265990958	1.34360712712086	3.80975640336251	0.893957081969384	8.38445628670006	1.26266789272352	1.53047154663276	0.22943257597145	8.12123677608367	0.742531016908893	4.5032560717697	1.21898383396045	1.48959925516173	2.94912210818842	0.394934265826091	0.387553741340671	3.67363629537976	3.98252687734982	3.47281911734393	5.06558970407287	2.01947934048386	0.795252982578258
"11"	0.0827636398564583	0.424571223215094	4.77955109077023	0.376981209485378	0.965216441980085	11.9345497680983	0.279249015208651	0.309255576327499	0.401531402109158	1.16113284016432	2.90047122835943	0.383465469522805	8.90944275902708	2.3680654730962	0.233374190464733	1.43846480616139	0.826299104823395	1.1144261917574	3.59804463479305	0.591724494028682	0.67696143220188	0.998932040633173	1.74264222953158	0.37716199103961	0.460452782444257	0.107077552319619	0.403750291538931	0.221030112253548	9.03315416257405	2.62958375240558	7.32565493221894	9.29384091802163	0.715824449396634	3.06273417218546	0.465417045125766	1.72711389893934	0.126196151961894	0.451055070579648	9.79742801294364	2.64446567276234	1.94588545035992	3.34975454014646	2.38904577557767	0.163325865289581	0.359358332557309	0.629404902057414	0.978631462173499	0.881407039625574	2.06061973908476	0.350927114521814
"12"	5.21260955368668	1.17744364776555	0.434690609944716	0.376655076617651	1.68616231896524	3.1180390344049	1.15702107094104	0.355832926109804	1.5887713677304	6.42808378839736	1.64714077407113	4.18168416104019	2.18048109162539	1.0629209359486	0.350427772006623	1.15248120972223	0.232114742899978	0.190798411412493	2.89063500164804	1.26832527413405	0.675396063336038	0.627498132792572	1.02068476641192	1.48767133317967	2.20199272373502	0.643454873652997	3.21976471206287	0.758451541007598	0.742477317230308	0.404633418895406	0.573626133777957	2.09548357481957	0.704999473167577	0.955344484633088	2.08124513818899	3.20097539007935	0.277775730981419	1.28543564967961	1.58613897557552	0.322403840850447	5.39507916217356	0.524297998565957	0.486088528939727	0.942570801895308	1.08538358942021	5.25313017747167	0.513708484398582	0.379354462910718	5.96909454754999	0.666721188462958
"13"	0.524074478206676	0.75802665421999	1.91593962357245	0.269173537155925	0.314487028424962	1.70683492853982	0.455634490916399	0.181481342286587	1.25594685724473	1.42576707681439	5.78643867578292	1.37275699657592	2.92305958718458	0.680646723922302	0.237047306441785	0.678681712001653	1.03246179978571	0.186847734694229	5.7257284291742	1.21259541610928	1.92366166269222	0.31589550533149	1.71980505714357	0.182090799922949	1.05037312427096	0.812711761128793	0.398084885705797	6.78303225769836	1.56744665756281	0.513813266682094	0.979651105249638	3.97115141102142	0.527129856638181	0.521396649266761	0.263789987334425	0.241917986702332	0.655521476534393	0.391798815919854	4.62531955834235	0.188105365309587	0.579233880411409	0.354122837486295	0.110083122708919	0.656772608634922	0.375254326955446	0.753490907379257	0.207255141737031	2.98632437660233	0.910857487557315	0.729765137747398
"14"	0.838988522986667	0.0824469199829344	0.975451567010336	2.98692411625424	0.773368079587879	0.568809156279337	1.04045161681536	0.85673776003478	0.628327802379006	0.300675453864316	1.06215008577451	2.80430103927915	0.374338820154983	0.283918506464773	11.7363175419912	2.41132847053888	0.202013802763176	0.614875068745539	0.52182694628568	4.4221222102939	1.66927013842364	0.582826747172045	1.44801775711064	0.706369098075713	0.234912570716116	0.917034345244043	3.99732214826812	1.91576616576911	4.35673237910465	0.0623367386576566	0.689475020113201	0.509664070679975	5.38722646039599	0.765663539238784	1.34465934150057	1.20439679808713	1.93924161483657	0.606554262117973	0.115280178558306	0.688820773130946	2.74203786124203	2.52729691023024	0.995023170505972	0.70010841370913	2.40036402214917	0.23001542674933	0.335977059418083	1.75876998546866	0.696885756047566	5.04833476729644
"15"	2.48605389537426	0.440208717736999	1.59345344001127	2.10492762473972	3.6000493954888	1.23922797731401	0.211880171377511	0.59478446513987	0.169989755900269	0.950771190401728	0.599295806877434	0.34863237772081	0.778093982026133	0.414225251584079	3.75622728509903	0.17286448036395	0.80940218282871	3.33177142620848	0.95291760982807	0.618308111194434	1.17329211540502	0.524325022967996	2.87651723795695	6.66180173681013	2.2694105286413	3.36235777323197	0.135666118034578	1.60224133459745	1.162097882856	0.35707133101794	0.229559702172882	0.256026742791976	0.538008386152013	0.476358295485236	4.16412106609417	0.637130079023592	1.17279312475249	4.08898349101811	0.959901302774563	0.413747799018499	1.00998100410565	1.06412129071196	0.882542454565857	3.19825421734506	5.47426992911995	0.299128674885807	0.385606576013746	1.48429511965418	1.54279087272225	1.21220548048658
"16"	0.981046738383842	0.530680714001531	1.66511935425612	0.95598598880863	1.24950608644645	1.15684307252959	2.00455227994551	1.35749955507713	4.26973760559464	0.555719926484397	1.19340243661177	1.48876405273761	2.24097157565858	2.20448411946975	0.745977713448598	0.248081400149542	2.09910028327569	2.76178696445622	0.809049662520269	1.86357321198097	0.399498257044965	0.473270078867893	0.438157023779259	0.348675592117933	0.401851581140208	14.5790243794474	0.604457558571228	0.354744519425899	1.55953847484526	0.253851615083135	1.28289392202325	0.428557438949904	2.08249866502992	1.81712390124651	0.962451141543702	1.22734087630298	3.71595018951029	0.559215949132287	0.265291667581419	1.03754306240346	0.639179944365354	0.153472014237022	0.249884021872165	1.18700623386841	1.17523939035381	0.475515936757705	0.170112927401858	0.666638716329874	1.97392141863519	0.448744098016539
"17"	1.90004039685039	0.9416340956115	0.431967601878224	1.03770804167537	0.667583338743106	0.392524499934663	2.87940865207279	1.93462433328331	1.59209679115082	0.0990522307624267	0.631048584836644	0.527085318983619	1.11536810606959	1.57047999205953	0.596671971904299	1.30780761987708	1.05948252628643	0.60772337938631	0.9108252940618	1.56470666719841	0.460238173445044	1.6777970670984	0.314982757677177	2.95199407019999	2.10859377495998	0.822443687028007	0.698380125312445	1.17525136586587	0.783770217916279	0.0918679546961866	2.37427182164057	0.267147052370829	1.73104191227214	0.388020305001303	1.19125605968962	0.567971811354704	1.98793250340119	3.53172528854589	1.85289651536391	0.852130655107363	0.809323588251454	1.14502695152034	37.2297249253154	0.111766344695915	1.78853476031562	1.47421464946173	0.190600170026262	0.397166785901543	0.179305857436399	3.53952864859604
"18"	0.776877574132457	0.912883342749506	1.03074692212374	1.15203620861769	4.8258041542006	3.93279723563026	4.08375272602236	0.948773821587333	0.78430087319147	1.32381357976528	0.305852249496267	0.407620620930634	1.14574311673589	1.58928561707567	0.430212960034675	0.62686500765537	4.22928630084626	0.394514340304074	0.959944803644062	1.63225917198757	0.43207056435578	1.29114593096723	17.831594557111	0.408304778060846	3.55215607016488	2.31725119640204	1.33467169331593	2.79885488177097	0.409094700098121	0.256467290915671	0.511801239127353	1.1630210354029	1.19520176110805	0.224855460356098	0.849317799279035	0.327711819165169	19.0845657493603	0.955563473655064	3.27941546245424	0.35995061692678	0.141771108667364	2.07389692844131	1.46792485546448	1.12902056251342	0.48177323684862	0.660474997861192	0.618226732636195	0.947105964860157	12.1667759062294	1.74932426607524
"19"	0.150711769831688	3.53320173999607	0.365586369317317	0.103229033928654	0.902771120658334	0.323346628686615	1.82898074543762	0.637609030984306	0.54597497154092	1.41472702014746	1.1769083302228	2.31065904113526	6.17168317565518	0.399897009290326	0.7288226370722	2.12180459436094	0.782463625680869	0.52920504990284	1.52068815091609	0.29458948865234	0.787462648873224	1.45939446142602	0.621946949255202	2.71930193872731	2.06913058200282	0.24166214219564	0.641818613005746	0.88569425321191	0.214818830133496	0.541061540790312	1.04655049927335	0.143178729424969	0.36582660830875	4.03879823748728	0.426490886779979	2.46672823920199	0.538369532332163	0.667570695058796	1.06488080563533	2.5386350119598	0.939416939321573	0.489293802117993	5.41544316931795	0.276363610502378	0.246359575623543	1.65347490843336	0.723272124990062	1.16797144680823	2.90314736476961	0.528470094778315
"20"	0.526877749128645	0.480153767126335	0.34483502859426	1.61449752849877	2.68893327011651	0.414166997699393	1.1784782210253	6.25667616102488	1.47323139494577	0.26078245301775	0.653753040677674	0.222904870530803	0.673888357450924	1.0940365687866	0.287409520030174	0.488405401321476	0.749281348646471	0.556111904255678	2.12378643129248	1.17683405081483	17.7141510099435	1.454216684682	1.24116319523104	1.40754239604292	0.125890703950683	1.14920476527491	2.1421558515564	7.19731754498742	2.18553943661109	2.67139808931492	0.279566525419187	0.27308413615516	0.271124704855049	0.517847124534802	2.54555655424352	0.666527379767623	1.3693220041615	0.474163446364233	0.721246478659035	0.306220718286189	2.46521607519462	0.867713929692526	0.195669106506736	0.457872696818146	0.36482494011511	0.252332109859732	0.228627411271938	1.12003629264753	0.221062709743182	0.535472472006168
